# simple-cloth

# vertex count
vc 400

v 0 19
v 1 19
v 2 19
v 3 19
v 4 19
v 5 19
v 6 19
v 7 19
v 8 19
v 9 19
v 10 19
v 11 19
v 12 19
v 13 19
v 14 19
v 15 19
v 16 19
v 17 19
v 18 19
v 19 19
v 0 18
v 1 18
v 2 18
v 3 18
v 4 18
v 5 18
v 6 18
v 7 18
v 8 18
v 9 18
v 10 18
v 11 18
v 12 18
v 13 18
v 14 18
v 15 18
v 16 18
v 17 18
v 18 18
v 19 18
v 0 17
v 1 17
v 2 17
v 3 17
v 4 17
v 5 17
v 6 17
v 7 17
v 8 17
v 9 17
v 10 17
v 11 17
v 12 17
v 13 17
v 14 17
v 15 17
v 16 17
v 17 17
v 18 17
v 19 17
v 0 16
v 1 16
v 2 16
v 3 16
v 4 16
v 5 16
v 6 16
v 7 16
v 8 16
v 9 16
v 10 16
v 11 16
v 12 16
v 13 16
v 14 16
v 15 16
v 16 16
v 17 16
v 18 16
v 19 16
v 0 15
v 1 15
v 2 15
v 3 15
v 4 15
v 5 15
v 6 15
v 7 15
v 8 15
v 9 15
v 10 15
v 11 15
v 12 15
v 13 15
v 14 15
v 15 15
v 16 15
v 17 15
v 18 15
v 19 15
v 0 14
v 1 14
v 2 14
v 3 14
v 4 14
v 5 14
v 6 14
v 7 14
v 8 14
v 9 14
v 10 14
v 11 14
v 12 14
v 13 14
v 14 14
v 15 14
v 16 14
v 17 14
v 18 14
v 19 14
v 0 13
v 1 13
v 2 13
v 3 13
v 4 13
v 5 13
v 6 13
v 7 13
v 8 13
v 9 13
v 10 13
v 11 13
v 12 13
v 13 13
v 14 13
v 15 13
v 16 13
v 17 13
v 18 13
v 19 13
v 0 12
v 1 12
v 2 12
v 3 12
v 4 12
v 5 12
v 6 12
v 7 12
v 8 12
v 9 12
v 10 12
v 11 12
v 12 12
v 13 12
v 14 12
v 15 12
v 16 12
v 17 12
v 18 12
v 19 12
v 0 11
v 1 11
v 2 11
v 3 11
v 4 11
v 5 11
v 6 11
v 7 11
v 8 11
v 9 11
v 10 11
v 11 11
v 12 11
v 13 11
v 14 11
v 15 11
v 16 11
v 17 11
v 18 11
v 19 11
v 0 10
v 1 10
v 2 10
v 3 10
v 4 10
v 5 10
v 6 10
v 7 10
v 8 10
v 9 10
v 10 10
v 11 10
v 12 10
v 13 10
v 14 10
v 15 10
v 16 10
v 17 10
v 18 10
v 19 10
v 0 9
v 1 9
v 2 9
v 3 9
v 4 9
v 5 9
v 6 9
v 7 9
v 8 9
v 9 9
v 10 9
v 11 9
v 12 9
v 13 9
v 14 9
v 15 9
v 16 9
v 17 9
v 18 9
v 19 9
v 0 8
v 1 8
v 2 8
v 3 8
v 4 8
v 5 8
v 6 8
v 7 8
v 8 8
v 9 8
v 10 8
v 11 8
v 12 8
v 13 8
v 14 8
v 15 8
v 16 8
v 17 8
v 18 8
v 19 8
v 0 7
v 1 7
v 2 7
v 3 7
v 4 7
v 5 7
v 6 7
v 7 7
v 8 7
v 9 7
v 10 7
v 11 7
v 12 7
v 13 7
v 14 7
v 15 7
v 16 7
v 17 7
v 18 7
v 19 7
v 0 6
v 1 6
v 2 6
v 3 6
v 4 6
v 5 6
v 6 6
v 7 6
v 8 6
v 9 6
v 10 6
v 11 6
v 12 6
v 13 6
v 14 6
v 15 6
v 16 6
v 17 6
v 18 6
v 19 6
v 0 5
v 1 5
v 2 5
v 3 5
v 4 5
v 5 5
v 6 5
v 7 5
v 8 5
v 9 5
v 10 5
v 11 5
v 12 5
v 13 5
v 14 5
v 15 5
v 16 5
v 17 5
v 18 5
v 19 5
v 0 4
v 1 4
v 2 4
v 3 4
v 4 4
v 5 4
v 6 4
v 7 4
v 8 4
v 9 4
v 10 4
v 11 4
v 12 4
v 13 4
v 14 4
v 15 4
v 16 4
v 17 4
v 18 4
v 19 4
v 0 3
v 1 3
v 2 3
v 3 3
v 4 3
v 5 3
v 6 3
v 7 3
v 8 3
v 9 3
v 10 3
v 11 3
v 12 3
v 13 3
v 14 3
v 15 3
v 16 3
v 17 3
v 18 3
v 19 3
v 0 2
v 1 2
v 2 2
v 3 2
v 4 2
v 5 2
v 6 2
v 7 2
v 8 2
v 9 2
v 10 2
v 11 2
v 12 2
v 13 2
v 14 2
v 15 2
v 16 2
v 17 2
v 18 2
v 19 2
v 0 1
v 1 1
v 2 1
v 3 1
v 4 1
v 5 1
v 6 1
v 7 1
v 8 1
v 9 1
v 10 1
v 11 1
v 12 1
v 13 1
v 14 1
v 15 1
v 16 1
v 17 1
v 18 1
v 19 1
v 0 0
v 1 0
v 2 0
v 3 0
v 4 0
v 5 0
v 6 0
v 7 0
v 8 0
v 9 0
v 10 0
v 11 0
v 12 0
v 13 0
v 14 0
v 15 0
v 16 0
v 17 0
v 18 0
v 19 0


#constraints

c 2 0 1
c 2 1 2
c 2 2 3
c 2 3 4
c 2 4 5
c 2 5 6
c 2 6 7
c 2 7 8
c 2 8 9
c 2 9 10
c 2 10 11
c 2 11 12
c 2 12 13
c 2 13 14
c 2 14 15
c 2 15 16
c 2 16 17
c 2 17 18
c 2 18 19
c 2 20 21
c 2 21 22
c 2 22 23
c 2 23 24
c 2 24 25
c 2 25 26
c 2 26 27
c 2 27 28
c 2 28 29
c 2 29 30
c 2 30 31
c 2 31 32
c 2 32 33
c 2 33 34
c 2 34 35
c 2 35 36
c 2 36 37
c 2 37 38
c 2 38 39
c 2 40 41
c 2 41 42
c 2 42 43
c 2 43 44
c 2 44 45
c 2 45 46
c 2 46 47
c 2 47 48
c 2 48 49
c 2 49 50
c 2 50 51
c 2 51 52
c 2 52 53
c 2 53 54
c 2 54 55
c 2 55 56
c 2 56 57
c 2 57 58
c 2 58 59
c 2 60 61
c 2 61 62
c 2 62 63
c 2 63 64
c 2 64 65
c 2 65 66
c 2 66 67
c 2 67 68
c 2 68 69
c 2 69 70
c 2 70 71
c 2 71 72
c 2 72 73
c 2 73 74
c 2 74 75
c 2 75 76
c 2 76 77
c 2 77 78
c 2 78 79
c 2 80 81
c 2 81 82
c 2 82 83
c 2 83 84
c 2 84 85
c 2 85 86
c 2 86 87
c 2 87 88
c 2 88 89
c 2 89 90
c 2 90 91
c 2 91 92
c 2 92 93
c 2 93 94
c 2 94 95
c 2 95 96
c 2 96 97
c 2 97 98
c 2 98 99
c 2 100 101
c 2 101 102
c 2 102 103
c 2 103 104
c 2 104 105
c 2 105 106
c 2 106 107
c 2 107 108
c 2 108 109
c 2 109 110
c 2 110 111
c 2 111 112
c 2 112 113
c 2 113 114
c 2 114 115
c 2 115 116
c 2 116 117
c 2 117 118
c 2 118 119
c 2 120 121
c 2 121 122
c 2 122 123
c 2 123 124
c 2 124 125
c 2 125 126
c 2 126 127
c 2 127 128
c 2 128 129
c 2 129 130
c 2 130 131
c 2 131 132
c 2 132 133
c 2 133 134
c 2 134 135
c 2 135 136
c 2 136 137
c 2 137 138
c 2 138 139
c 2 140 141
c 2 141 142
c 2 142 143
c 2 143 144
c 2 144 145
c 2 145 146
c 2 146 147
c 2 147 148
c 2 148 149
c 2 149 150
c 2 150 151
c 2 151 152
c 2 152 153
c 2 153 154
c 2 154 155
c 2 155 156
c 2 156 157
c 2 157 158
c 2 158 159
c 2 160 161
c 2 161 162
c 2 162 163
c 2 163 164
c 2 164 165
c 2 165 166
c 2 166 167
c 2 167 168
c 2 168 169
c 2 169 170
c 2 170 171
c 2 171 172
c 2 172 173
c 2 173 174
c 2 174 175
c 2 175 176
c 2 176 177
c 2 177 178
c 2 178 179
c 2 180 181
c 2 181 182
c 2 182 183
c 2 183 184
c 2 184 185
c 2 185 186
c 2 186 187
c 2 187 188
c 2 188 189
c 2 189 190
c 2 190 191
c 2 191 192
c 2 192 193
c 2 193 194
c 2 194 195
c 2 195 196
c 2 196 197
c 2 197 198
c 2 198 199
c 2 200 201
c 2 201 202
c 2 202 203
c 2 203 204
c 2 204 205
c 2 205 206
c 2 206 207
c 2 207 208
c 2 208 209
c 2 209 210
c 2 210 211
c 2 211 212
c 2 212 213
c 2 213 214
c 2 214 215
c 2 215 216
c 2 216 217
c 2 217 218
c 2 218 219
c 2 220 221
c 2 221 222
c 2 222 223
c 2 223 224
c 2 224 225
c 2 225 226
c 2 226 227
c 2 227 228
c 2 228 229
c 2 229 230
c 2 230 231
c 2 231 232
c 2 232 233
c 2 233 234
c 2 234 235
c 2 235 236
c 2 236 237
c 2 237 238
c 2 238 239
c 2 240 241
c 2 241 242
c 2 242 243
c 2 243 244
c 2 244 245
c 2 245 246
c 2 246 247
c 2 247 248
c 2 248 249
c 2 249 250
c 2 250 251
c 2 251 252
c 2 252 253
c 2 253 254
c 2 254 255
c 2 255 256
c 2 256 257
c 2 257 258
c 2 258 259
c 2 260 261
c 2 261 262
c 2 262 263
c 2 263 264
c 2 264 265
c 2 265 266
c 2 266 267
c 2 267 268
c 2 268 269
c 2 269 270
c 2 270 271
c 2 271 272
c 2 272 273
c 2 273 274
c 2 274 275
c 2 275 276
c 2 276 277
c 2 277 278
c 2 278 279
c 2 280 281
c 2 281 282
c 2 282 283
c 2 283 284
c 2 284 285
c 2 285 286
c 2 286 287
c 2 287 288
c 2 288 289
c 2 289 290
c 2 290 291
c 2 291 292
c 2 292 293
c 2 293 294
c 2 294 295
c 2 295 296
c 2 296 297
c 2 297 298
c 2 298 299
c 2 300 301
c 2 301 302
c 2 302 303
c 2 303 304
c 2 304 305
c 2 305 306
c 2 306 307
c 2 307 308
c 2 308 309
c 2 309 310
c 2 310 311
c 2 311 312
c 2 312 313
c 2 313 314
c 2 314 315
c 2 315 316
c 2 316 317
c 2 317 318
c 2 318 319
c 2 320 321
c 2 321 322
c 2 322 323
c 2 323 324
c 2 324 325
c 2 325 326
c 2 326 327
c 2 327 328
c 2 328 329
c 2 329 330
c 2 330 331
c 2 331 332
c 2 332 333
c 2 333 334
c 2 334 335
c 2 335 336
c 2 336 337
c 2 337 338
c 2 338 339
c 2 340 341
c 2 341 342
c 2 342 343
c 2 343 344
c 2 344 345
c 2 345 346
c 2 346 347
c 2 347 348
c 2 348 349
c 2 349 350
c 2 350 351
c 2 351 352
c 2 352 353
c 2 353 354
c 2 354 355
c 2 355 356
c 2 356 357
c 2 357 358
c 2 358 359
c 2 360 361
c 2 361 362
c 2 362 363
c 2 363 364
c 2 364 365
c 2 365 366
c 2 366 367
c 2 367 368
c 2 368 369
c 2 369 370
c 2 370 371
c 2 371 372
c 2 372 373
c 2 373 374
c 2 374 375
c 2 375 376
c 2 376 377
c 2 377 378
c 2 378 379
c 2 380 381
c 2 381 382
c 2 382 383
c 2 383 384
c 2 384 385
c 2 385 386
c 2 386 387
c 2 387 388
c 2 388 389
c 2 389 390
c 2 390 391
c 2 391 392
c 2 392 393
c 2 393 394
c 2 394 395
c 2 395 396
c 2 396 397
c 2 397 398
c 2 398 399

c 2 0 20
c 2 1 21
c 2 2 22
c 2 3 23
c 2 4 24
c 2 5 25
c 2 6 26
c 2 7 27
c 2 8 28
c 2 9 29
c 2 10 30
c 2 11 31
c 2 12 32
c 2 13 33
c 2 14 34
c 2 15 35
c 2 16 36
c 2 17 37
c 2 18 38
c 2 19 39
c 2 20 40
c 2 21 41
c 2 22 42
c 2 23 43
c 2 24 44
c 2 25 45
c 2 26 46
c 2 27 47
c 2 28 48
c 2 29 49
c 2 30 50
c 2 31 51
c 2 32 52
c 2 33 53
c 2 34 54
c 2 35 55
c 2 36 56
c 2 37 57
c 2 38 58
c 2 39 59
c 2 40 60
c 2 41 61
c 2 42 62
c 2 43 63
c 2 44 64
c 2 45 65
c 2 46 66
c 2 47 67
c 2 48 68
c 2 49 69
c 2 50 70
c 2 51 71
c 2 52 72
c 2 53 73
c 2 54 74
c 2 55 75
c 2 56 76
c 2 57 77
c 2 58 78
c 2 59 79
c 2 60 80
c 2 61 81
c 2 62 82
c 2 63 83
c 2 64 84
c 2 65 85
c 2 66 86
c 2 67 87
c 2 68 88
c 2 69 89
c 2 70 90
c 2 71 91
c 2 72 92
c 2 73 93
c 2 74 94
c 2 75 95
c 2 76 96
c 2 77 97
c 2 78 98
c 2 79 99
c 2 80 100
c 2 81 101
c 2 82 102
c 2 83 103
c 2 84 104
c 2 85 105
c 2 86 106
c 2 87 107
c 2 88 108
c 2 89 109
c 2 90 110
c 2 91 111
c 2 92 112
c 2 93 113
c 2 94 114
c 2 95 115
c 2 96 116
c 2 97 117
c 2 98 118
c 2 99 119
c 2 100 120
c 2 101 121
c 2 102 122
c 2 103 123
c 2 104 124
c 2 105 125
c 2 106 126
c 2 107 127
c 2 108 128
c 2 109 129
c 2 110 130
c 2 111 131
c 2 112 132
c 2 113 133
c 2 114 134
c 2 115 135
c 2 116 136
c 2 117 137
c 2 118 138
c 2 119 139
c 2 120 140
c 2 121 141
c 2 122 142
c 2 123 143
c 2 124 144
c 2 125 145
c 2 126 146
c 2 127 147
c 2 128 148
c 2 129 149
c 2 130 150
c 2 131 151
c 2 132 152
c 2 133 153
c 2 134 154
c 2 135 155
c 2 136 156
c 2 137 157
c 2 138 158
c 2 139 159
c 2 140 160
c 2 141 161
c 2 142 162
c 2 143 163
c 2 144 164
c 2 145 165
c 2 146 166
c 2 147 167
c 2 148 168
c 2 149 169
c 2 150 170
c 2 151 171
c 2 152 172
c 2 153 173
c 2 154 174
c 2 155 175
c 2 156 176
c 2 157 177
c 2 158 178
c 2 159 179
c 2 160 180
c 2 161 181
c 2 162 182
c 2 163 183
c 2 164 184
c 2 165 185
c 2 166 186
c 2 167 187
c 2 168 188
c 2 169 189
c 2 170 190
c 2 171 191
c 2 172 192
c 2 173 193
c 2 174 194
c 2 175 195
c 2 176 196
c 2 177 197
c 2 178 198
c 2 179 199
c 2 180 200
c 2 181 201
c 2 182 202
c 2 183 203
c 2 184 204
c 2 185 205
c 2 186 206
c 2 187 207
c 2 188 208
c 2 189 209
c 2 190 210
c 2 191 211
c 2 192 212
c 2 193 213
c 2 194 214
c 2 195 215
c 2 196 216
c 2 197 217
c 2 198 218
c 2 199 219
c 2 200 220
c 2 201 221
c 2 202 222
c 2 203 223
c 2 204 224
c 2 205 225
c 2 206 226
c 2 207 227
c 2 208 228
c 2 209 229
c 2 210 230
c 2 211 231
c 2 212 232
c 2 213 233
c 2 214 234
c 2 215 235
c 2 216 236
c 2 217 237
c 2 218 238
c 2 219 239
c 2 220 240
c 2 221 241
c 2 222 242
c 2 223 243
c 2 224 244
c 2 225 245
c 2 226 246
c 2 227 247
c 2 228 248
c 2 229 249
c 2 230 250
c 2 231 251
c 2 232 252
c 2 233 253
c 2 234 254
c 2 235 255
c 2 236 256
c 2 237 257
c 2 238 258
c 2 239 259
c 2 240 260
c 2 241 261
c 2 242 262
c 2 243 263
c 2 244 264
c 2 245 265
c 2 246 266
c 2 247 267
c 2 248 268
c 2 249 269
c 2 250 270
c 2 251 271
c 2 252 272
c 2 253 273
c 2 254 274
c 2 255 275
c 2 256 276
c 2 257 277
c 2 258 278
c 2 259 279
c 2 260 280
c 2 261 281
c 2 262 282
c 2 263 283
c 2 264 284
c 2 265 285
c 2 266 286
c 2 267 287
c 2 268 288
c 2 269 289
c 2 270 290
c 2 271 291
c 2 272 292
c 2 273 293
c 2 274 294
c 2 275 295
c 2 276 296
c 2 277 297
c 2 278 298
c 2 279 299
c 2 280 300
c 2 281 301
c 2 282 302
c 2 283 303
c 2 284 304
c 2 285 305
c 2 286 306
c 2 287 307
c 2 288 308
c 2 289 309
c 2 290 310
c 2 291 311
c 2 292 312
c 2 293 313
c 2 294 314
c 2 295 315
c 2 296 316
c 2 297 317
c 2 298 318
c 2 299 319
c 2 300 320
c 2 301 321
c 2 302 322
c 2 303 323
c 2 304 324
c 2 305 325
c 2 306 326
c 2 307 327
c 2 308 328
c 2 309 329
c 2 310 330
c 2 311 331
c 2 312 332
c 2 313 333
c 2 314 334
c 2 315 335
c 2 316 336
c 2 317 337
c 2 318 338
c 2 319 339
c 2 320 340
c 2 321 341
c 2 322 342
c 2 323 343
c 2 324 344
c 2 325 345
c 2 326 346
c 2 327 347
c 2 328 348
c 2 329 349
c 2 330 350
c 2 331 351
c 2 332 352
c 2 333 353
c 2 334 354
c 2 335 355
c 2 336 356
c 2 337 357
c 2 338 358
c 2 339 359
c 2 340 360
c 2 341 361
c 2 342 362
c 2 343 363
c 2 344 364
c 2 345 365
c 2 346 366
c 2 347 367
c 2 348 368
c 2 349 369
c 2 350 370
c 2 351 371
c 2 352 372
c 2 353 373
c 2 354 374
c 2 355 375
c 2 356 376
c 2 357 377
c 2 358 378
c 2 359 379
c 2 360 380
c 2 361 381
c 2 362 382
c 2 363 383
c 2 364 384
c 2 365 385
c 2 366 386
c 2 367 387
c 2 368 388
c 2 369 389
c 2 370 390
c 2 371 391
c 2 372 392
c 2 373 393
c 2 374 394
c 2 375 395
c 2 376 396
c 2 377 397
c 2 378 398
c 2 379 399

c 1 0
c 1 1
c 1 2
c 1 3
c 1 4
c 1 5
c 1 6
c 1 7
c 1 8
c 1 9
c 1 10
c 1 11
c 1 12
c 1 13
c 1 14
c 1 15
c 1 16
c 1 17
c 1 18
c 1 19
